0.999999 0.000218532 -0.000995667 -2.65089e-07 -0.000219622 0.999999 -0.00109395 0.00475515 0.000995428 0.00109417 0.999999 -0.00196276
0.999998 -0.00052141 -0.00204851 -0.00366076 0.000519957 1 -0.000710085 -0.00660294 0.00204888 0.000709018 0.999998 0.0118245
0.975875 -0.107291 -0.190147 -0.0112203 0.0848727 0.988848 -0.122375 -0.00118561 0.201157 0.103285 0.974099 0.0362279
0.93286 -0.184711 -0.30928 -0.0202168 0.101017 0.958223 -0.267589 -0.0112474 0.345786 0.218381 0.912547 0.0598281
0.922629 -0.2654 -0.279854 -0.0198554 0.140395 0.90692 -0.397222 -0.0189902 0.359228 0.327199 0.874012 0.063715
0.958767 -0.24182 -0.149292 0.00417589 0.134526 0.848917 -0.511119 -0.0228271 0.250335 0.469961 0.846445 0.0554824
0.930386 -0.364947 -0.0345842 0.093592 0.294712 0.800749 -0.521484 0.0162832 0.218007 0.474989 0.85256 0.159748
0.814738 -0.579682 0.0130521 0.110026 0.486737 0.671524 -0.558698 0.0211782 0.315102 0.461545 0.829269 0.226362
0.793675 -0.602546 -0.0837735 0.13207 0.475268 0.700113 -0.532881 0.0269799 0.379736 0.38312 0.842033 0.306491
0.643338 -0.760056 -0.0918225 0.354913 0.62004 0.587627 -0.519851 0.116947 0.449073 0.277506 0.849308 0.769576
0.506743 -0.85442 -0.114793 0.417617 0.741068 0.499758 -0.448397 0.161714 0.440488 0.142153 0.886432 0.870369
0.43511 -0.89898 -0.050133 0.48876 0.813293 0.416307 -0.4065 0.201514 0.386307 0.1361 0.912274 0.94944
0.410311 -0.890048 0.198642 0.625778 0.879231 0.328274 -0.345237 0.253864 0.242068 0.316307 0.917253 1.04173
0.317624 -0.925847 0.204751 0.696127 0.914049 0.241513 -0.325862 0.305357 0.252248 0.290654 0.92298 1.09851
0.36519 -0.876679 0.313161 0.721278 0.885419 0.223197 -0.407696 0.299884 0.287522 0.426166 0.857738 1.11386
0.278212 -0.929232 0.243159 0.71626 0.939731 0.210941 -0.269091 0.324502 0.198756 0.303368 0.931914 1.11504
0.327436 -0.931523 0.158276 0.698629 0.920799 0.277012 -0.274578 0.325565 0.211932 0.235647 0.948449 1.1104
0.356699 -0.925848 0.12479 0.694973 0.914782 0.319041 -0.247765 0.317072 0.18958 0.202533 0.96075 1.1064
0.394055 -0.918201 0.0403396 0.674003 0.907871 0.382035 -0.172681 0.336961 0.143145 0.104669 0.984151 1.1034
0.443632 -0.893262 -0.0726154 0.656044 0.894374 0.446451 -0.0278821 0.35493 0.0573252 -0.052576 0.99697 1.08815
0.499206 -0.861364 -0.0940485 0.656309 0.866284 0.493813 0.0755073 0.383954 -0.018597 -0.119166 0.9927 1.0843
0.540301 -0.840821 -0.033088 0.656891 0.840393 0.541181 -0.0293544 0.374006 0.0425884 -0.0119467 0.999021 1.08565
0.52461 -0.848842 -0.065201 0.644837 0.850683 0.519649 0.0793907 0.394095 -0.0335085 -0.0971145 0.994709 1.08731
0.452361 -0.888589 -0.0760164 0.643282 0.891181 0.447122 0.0766682 0.401025 -0.034138 -0.102426 0.994155 1.09152
0.386816 -0.921801 -0.0256251 0.636922 0.919004 0.38764 -0.0718825 0.376594 0.0761947 0.00425572 0.997084 1.11189
0.288137 -0.957275 0.0245427 0.630891 0.936427 0.276318 -0.216222 0.344081 0.200203 0.0852841 0.976036 1.1661
0.172231 -0.985038 -0.00597922 0.625282 0.95674 0.168722 -0.237025 0.327576 0.234488 0.0351025 0.971485 1.23066
0.110895 -0.992748 0.0464159 0.63685 0.962701 0.0957063 -0.253073 0.329486 0.246796 0.0727493 0.966333 1.26998
0.229368 -0.966768 0.11292 0.661343 0.944824 0.193269 -0.26449 0.334513 0.233876 0.167355 0.957755 1.29487
0.252746 -0.959953 0.12087 0.660278 0.943634 0.216977 -0.249953 0.329396 0.213717 0.177232 0.960684 1.30878
0.139182 -0.981684 0.130095 0.654219 0.976362 0.1141 -0.183571 0.294346 0.165365 0.15257 0.97436 1.30551
0.18341 -0.957007 0.22472 0.627755 0.967766 0.135644 -0.212201 0.260327 0.172596 0.256396 0.951037 1.31825
0.123637 -0.944273 0.305062 0.553063 0.97029 0.0506093 -0.236592 0.213852 0.207969 0.32525 0.922476 1.3711
0.0211587 -0.968059 0.249827 0.512239 0.951451 -0.0572523 -0.30243 0.175366 0.307073 0.244097 0.919849 1.46149
0.209685 -0.933303 0.291509 0.595032 0.959443 0.138948 -0.245279 0.177664 0.188415 0.331118 0.924587 1.59941
0.335383 -0.899372 0.280442 0.642759 0.936742 0.286715 -0.20077 0.180525 0.10016 0.330036 0.938639 1.62819
0.388889 -0.887526 0.24711 0.680512 0.920873 0.366451 -0.133066 0.17482 0.0275463 0.279304 0.959807 1.63348
0.385535 -0.903136 0.188966 0.698949 0.915478 0.348851 -0.200509 0.14523 0.115166 0.250297 0.961295 1.5798
0.437504 -0.865647 0.243405 0.731066 0.887677 0.372542 -0.270631 0.10846 0.143592 0.334467 0.931404 1.53451
0.411911 -0.848356 0.332599 0.740363 0.901301 0.325594 -0.285736 0.0987277 0.134114 0.417469 0.89874 1.4502
0.35613 -0.872597 0.334284 0.720554 0.92952 0.294164 -0.222397 0.120811 0.0957281 0.389926 0.915857 1.42781
0.270963 -0.913041 0.304852 0.694834 0.958974 0.228625 -0.167629 0.135215 0.083355 0.337766 0.937532 1.42227
0.242743 -0.895708 0.372535 0.705851 0.959298 0.164514 -0.229526 0.116575 0.144301 0.413088 0.899186 1.4153
0.204009 -0.894458 0.397902 0.69626 0.955682 0.0938402 -0.279044 0.0947541 0.212253 0.437195 0.873962 1.38461
0.14114 -0.895691 0.421683 0.694008 0.945755 -0.00391066 -0.324857 0.0595407 0.29262 0.444659 0.846553 1.33887
0.191814 -0.910086 0.367358 0.738981 0.924141 0.0414709 -0.379795 -0.00741677 0.330412 0.41234 0.849002 1.29377
0.218691 -0.88401 0.413159 0.735691 0.924045 0.0515589 -0.378792 -0.0530845 0.313554 0.464615 0.82814 1.29767
0.213839 -0.883169 0.417474 0.685241 0.917886 0.0354057 -0.395261 -0.0339675 0.334301 0.467716 0.81822 1.30384
0.214005 -0.868533 0.447049 0.681042 0.918198 0.0226866 -0.395472 -0.0100387 0.333338 0.495112 0.80234 1.29846
0.172289 -0.899831 0.400775 0.664181 0.921883 0.00394575 -0.387448 -0.00112367 0.347057 0.436221 0.830219 1.31508
0.184017 -0.907617 0.377318 0.685021 0.925657 0.030905 -0.377099 0.00322615 0.330601 0.41866 0.845829 1.31101
0.240745 -0.894555 0.37658 0.714253 0.927684 0.0979949 -0.360278 0.0125271 0.285385 0.436083 0.853456 1.32262
0.234245 -0.902037 0.362573 0.696172 0.924007 0.0906341 -0.371479 -0.00452318 0.302226 0.422037 0.854719 1.30159
0.251127 -0.894123 0.370782 0.677977 0.925598 0.109747 -0.362249 0.00431545 0.283203 0.434165 0.855159 1.30663
0.242055 -0.886816 0.393659 0.664081 0.928158 0.0934139 -0.360272 0.00841896 0.282722 0.452583 0.845717 1.29149
0.202773 -0.904026 0.376325 0.652131 0.932381 0.0608035 -0.356325 0.00374103 0.299245 0.423132 0.855226 1.29144
0.167527 -0.897742 0.407424 0.657206 0.937753 0.0175785 -0.346857 0.0238707 0.304226 0.440171 0.844805 1.29602
0.16738 -0.90467 0.391862 0.649458 0.941849 0.0292554 -0.33476 0.0329315 0.291383 0.425107 0.85696 1.29939
0.223952 -0.891476 0.393848 0.638761 0.933068 0.0794092 -0.350825 0.0287008 0.281477 0.446055 0.849592 1.30627
0.289044 -0.885314 0.364242 0.611903 0.922788 0.156399 -0.352139 0.0192565 0.254786 0.437902 0.862163 1.3134
0.227858 -0.910339 0.34549 0.600671 0.922859 0.0887595 -0.374771 0.00763236 0.310503 0.404234 0.860339 1.3101
0.208228 -0.904962 0.37106 0.61423 0.925976 0.0602259 -0.372748 0.00782967 0.314975 0.421209 0.850514 1.30698
0.23862 -0.894384 0.378336 0.633651 0.915191 0.0768138 -0.395633 -0.00472342 0.324786 0.440656 0.836861 1.29152
0.240922 -0.903134 0.355396 0.620281 0.915219 0.0895403 -0.392883 -0.00371521 0.323004 0.419919 0.848137 1.2983
0.302784 -0.902588 0.306032 0.574941 0.903853 0.170102 -0.392575 -0.0174274 0.302277 0.395474 0.867311 1.30974
0.345732 -0.898248 0.271331 0.636904 0.900895 0.236892 -0.363691 0.0199152 0.262409 0.37018 0.891128 1.26975
0.32844 -0.917068 0.226083 0.654567 0.914832 0.249322 -0.317681 0.0663161 0.234968 0.311167 0.92085 1.23787
0.356297 -0.890511 0.282918 0.659276 0.91362 0.268567 -0.305239 0.044572 0.195836 0.367235 0.909278 1.24881
0.357161 -0.899236 0.252608 0.644623 0.912316 0.277861 -0.300786 0.0388565 0.200288 0.337887 0.919629 1.24745
0.379267 -0.881606 0.280942 0.647636 0.90598 0.29212 -0.306376 0.0370593 0.188034 0.370726 0.909509 1.24112
0.406758 -0.865411 0.292593 0.658903 0.894849 0.312999 -0.31824 0.0379833 0.183827 0.391274 0.901727 1.23859
0.409964 -0.863323 0.294284 0.665791 0.885499 0.299367 -0.355346 0.014948 0.21868 0.406267 0.887201 1.23255
0.374776 -0.878042 0.297633 0.727529 0.902804 0.272596 -0.33262 -0.0238011 0.21092 0.393363 0.894862 1.25676
0.34335 -0.898802 0.272518 0.816166 0.924774 0.272857 -0.26522 -0.0455067 0.164022 0.343081 0.924874 1.3378
0.502834 -0.822927 0.264478 0.859324 0.85137 0.41862 -0.316111 -0.0508644 0.149421 0.38412 0.911112 1.33987
0.576655 -0.764053 0.289297 0.860852 0.790324 0.431965 -0.434504 -0.0553503 0.207018 0.479197 0.852944 1.28147
0.599101 -0.735786 0.315748 0.870454 0.793059 0.491057 -0.360445 -0.0493241 0.11016 0.466349 0.877715 1.27892
0.469557 -0.816378 0.336219 0.868069 0.867979 0.35712 -0.345076 -0.0505471 0.161642 0.453864 0.876287 1.29326
0.38914 -0.867602 0.309575 0.826193 0.892132 0.271225 -0.361299 -0.0660516 0.2295 0.416777 0.87956 1.31088
0.398042 -0.868011 0.29685 0.850193 0.893619 0.293724 -0.339369 -0.0981884 0.207384 0.400354 0.892585 1.32014
0.378402 -0.878313 0.292194 0.875487 0.903055 0.280985 -0.324869 -0.0885923 0.203234 0.386798 0.89949 1.33431
0.357714 -0.881413 0.308467 0.881957 0.914984 0.264792 -0.304449 -0.0783377 0.186665 0.391148 0.901199 1.34061
0.356233 -0.879003 0.316941 0.894627 0.916794 0.263271 -0.300294 -0.0643495 0.180518 0.397544 0.899651 1.33801
0.381066 -0.877877 0.290034 0.917421 0.906943 0.294014 -0.30168 -0.0925463 0.179564 0.378004 0.908223 1.3858
0.355557 -0.879354 0.316726 0.903089 0.922604 0.275966 -0.269526 -0.0907905 0.149603 0.388044 0.909418 1.40111
0.334433 -0.883303 0.328529 0.904854 0.928932 0.250201 -0.27292 -0.0853435 0.158873 0.396454 0.904203 1.38646
