0.999999 0.000218531 -0.000995669 -2.67888e-07 -0.00021962 0.999999 -0.00109395 0.00475516 0.000995429 0.00109417 0.999999 -0.00196276
0.99999 -0.00207263 -0.00384102 -0.283376 0.00207692 0.999997 0.00111366 0.279686 0.0038387 -0.00112163 0.999992 0.0121731
0.974892 -0.110722 -0.193199 -0.555887 0.0886329 0.988873 -0.119475 0.556212 0.204278 0.0993512 0.973858 0.0368601
0.930564 -0.190346 -0.31276 -0.815249 0.10725 0.958479 -0.264228 0.802311 0.350069 0.212337 0.91234 0.0607347
0.919235 -0.273362 -0.283337 -1.05063 0.148758 0.907469 -0.392901 1.03574 0.364523 0.31902 0.874842 0.0649133
0.9555 -0.252514 -0.152499 -1.24781 0.144309 0.851005 -0.504941 1.25828 0.257282 0.460465 0.849575 0.0571045
0.92541 -0.377022 -0.0383502 -1.36647 0.305522 0.802104 -0.513113 1.5104 0.224216 0.463123 0.857464 0.161946
0.805982 -0.591865 0.00943867 -1.5431 0.498896 0.670624 -0.548969 1.71261 0.318586 0.447167 0.83579 0.228795
0.783254 -0.615419 -0.0881624 -1.69996 0.489369 0.697766 -0.523108 1.90125 0.383447 0.366582 0.847694 0.309187
0.629746 -0.770788 -0.0964677 -1.64759 0.633864 0.581678 -0.509772 2.16656 0.449039 0.25988 0.854884 0.773776
0.491268 -0.862589 -0.120815 -1.73615 0.753442 0.490444 -0.437938 2.36575 0.437014 0.124117 0.89085 0.874713
0.419058 -0.906165 -0.0570594 -1.80192 0.824225 0.406019 -0.394717 2.54546 0.380846 0.118379 0.917029 0.954116
0.395189 -0.898569 0.190784 -1.78816 0.887935 0.320453 -0.329971 2.72445 0.235365 0.299805 0.924511 1.04745
0.301897 -0.932858 0.196556 -1.8262 0.921634 0.232855 -0.310433 2.88673 0.243821 0.274872 0.930052 1.10408
0.349362 -0.885288 0.306938 -1.89444 0.894133 0.217054 -0.39168 2.97695 0.280128 0.411282 0.867396 1.1195
0.262892 -0.935996 0.234093 -1.97935 0.946038 0.202422 -0.253058 3.08295 0.189476 0.287987 0.938702 1.11975
0.312185 -0.938251 0.149082 -2.063 0.927953 0.267528 -0.259483 3.15144 0.203576 0.219347 0.954172 1.11432
0.341822 -0.932691 0.115083 -2.11915 0.92203 0.309169 -0.23297 3.19691 0.181709 0.185745 0.96565 1.10987
0.379888 -0.924567 0.0293332 -2.1796 0.914998 0.37092 -0.158736 3.25689 0.135882 0.0871418 0.986885 1.10578
0.430793 -0.898371 -0.0857124 -2.22348 0.901013 0.433522 -0.0153283 3.3012 0.0509287 -0.0706247 0.996202 1.08951
0.487758 -0.866214 -0.108468 -2.23612 0.872653 0.480403 0.0876886 3.3434 -0.0238486 -0.137426 0.990225 1.08473
0.528363 -0.847761 -0.046198 -2.23472 0.848157 0.529496 -0.016244 3.33321 0.0382327 -0.0306005 0.9988 1.08568
0.513564 -0.854341 -0.0797036 -2.24636 0.857201 0.506702 0.0919818 3.35288 -0.0381979 -0.115561 0.992566 1.08636
0.440792 -0.893038 -0.0904723 -2.24736 0.896702 0.433574 0.0891011 3.35958 -0.0403442 -0.120402 0.991905 1.08991
0.373392 -0.926889 -0.0381371 -2.25296 0.925125 0.375097 -0.0587019 3.33507 0.0687152 -0.0133628 0.997547 1.10999
0.272819 -0.96196 0.0142429 -2.25863 0.942885 0.264409 -0.202622 3.303 0.191149 0.0687085 0.979153 1.164
0.156196 -0.987598 -0.0159325 -2.26419 0.962083 0.155773 -0.223901 3.28703 0.223606 0.0196441 0.974482 1.22816
0.0946232 -0.994835 0.0367382 -2.25249 0.967375 0.083174 -0.239307 3.28936 0.235016 0.0581836 0.970249 1.26706
0.213487 -0.971448 0.103499 -2.2277 0.950936 0.182351 -0.249936 3.29479 0.223927 0.15178 0.962715 1.29166
0.237147 -0.965087 0.111213 -2.22819 0.949791 0.206278 -0.235258 3.28958 0.204103 0.16142 0.965549 1.30508
0.123817 -0.9851 0.11936 -2.23297 0.980314 0.102789 -0.168579 3.25406 0.153798 0.137884 0.978435 1.30168
0.168053 -0.962121 0.214667 -2.25846 0.972419 0.126068 -0.196235 3.2196 0.161739 0.241724 0.95677 1.314
0.107777 -0.949179 0.295708 -2.33261 0.974608 0.0421519 -0.219917 3.17266 0.196276 0.311901 0.92962 1.36593
0.00422785 -0.970416 0.241401 -2.3736 0.955717 -0.0671138 -0.286531 3.13476 0.294255 0.231923 0.92716 1.45576
0.194215 -0.939478 0.282243 -2.29219 0.964669 0.130698 -0.228761 3.13996 0.178027 0.3167 0.931669 1.59419
0.321387 -0.907525 0.270387 -2.24437 0.94249 0.278882 -0.184222 3.14378 0.0917796 0.314044 0.944962 1.62303
0.376076 -0.896067 0.235863 -2.20609 0.92637 0.358077 -0.1167 3.13857 0.0201137 0.262384 0.964754 1.62837
0.371608 -0.911046 0.178613 -2.186 0.922116 0.339872 -0.184903 3.10843 0.107749 0.233413 0.966389 1.57481
0.423558 -0.875021 0.234387 -2.15193 0.895412 0.365209 -0.254676 3.07097 0.137247 0.317743 0.938191 1.52999
0.397913 -0.858228 0.324208 -2.14077 0.908556 0.319626 -0.269007 3.06005 0.127244 0.401603 0.906931 1.44542
0.342282 -0.88167 0.32481 -2.15997 0.935492 0.287497 -0.205426 3.08138 0.0877364 0.37417 0.9232 1.42195
0.2569 -0.920521 0.294352 -2.18521 0.963614 0.220713 -0.150778 3.09519 0.073827 0.322377 0.943728 1.41535
0.227854 -0.903351 0.363372 -2.17325 0.964377 0.157865 -0.212262 3.07643 0.134383 0.398793 0.907141 1.40826
0.188254 -0.901478 0.38974 -2.18154 0.961153 0.0875452 -0.261766 3.0539 0.201857 0.423878 0.882939 1.37722
0.12444 -0.9015 0.414503 -2.1821 0.951456 -0.0101052 -0.307618 3.01787 0.281507 0.432661 0.85648 1.33142
0.174882 -0.916064 0.360892 -2.13503 0.931046 0.0346343 -0.363255 2.95076 0.320265 0.399533 0.858955 1.28732
0.201983 -0.890838 0.406953 -2.13716 0.931088 0.0457808 -0.361911 2.90493 0.303773 0.452009 0.838695 1.29128
0.196934 -0.889822 0.411623 -2.18734 0.925145 0.0296831 -0.378452 2.92327 0.324537 0.45534 0.82906 1.29599
0.197108 -0.875389 0.441409 -2.1912 0.925445 0.0175345 -0.378476 2.94689 0.323574 0.4831 0.813581 1.28971
0.155163 -0.905632 0.394658 -2.2078 0.928746 -0.00242551 -0.370709 2.95563 0.336683 0.424057 0.840726 1.30545
0.167059 -0.913542 0.370853 -2.18637 0.932457 0.0241845 -0.360472 2.96003 0.320337 0.406025 0.855879 1.30108
0.224351 -0.901624 0.369784 -2.15796 0.934648 0.0916645 -0.343557 2.97125 0.275864 0.422695 0.863266 1.31223
0.217683 -0.908812 0.355914 -2.1738 0.931107 0.0840219 -0.354935 2.95196 0.292665 0.408657 0.864492 1.29087
0.234798 -0.901322 0.36399 -2.19158 0.932671 0.103401 -0.34559 2.96045 0.273851 0.420627 0.864915 1.29503
0.225699 -0.894046 0.386964 -2.20473 0.935101 0.0874186 -0.343431 2.96398 0.273215 0.439362 0.855754 1.27912
0.186143 -0.910416 0.369451 -2.21602 0.93901 0.0541812 -0.339594 2.95897 0.289154 0.410131 0.864975 1.27845
0.150763 -0.903783 0.400557 -2.21068 0.943968 0.0112784 -0.329845 2.97905 0.293591 0.427841 0.854843 1.28231
0.150734 -0.910664 0.38467 -2.218 0.947887 0.0226542 -0.3178 2.98788 0.280694 0.412527 0.866621 1.28492
0.207548 -0.898431 0.386971 -2.22814 0.939745 0.0732598 -0.333935 2.98342 0.271668 0.432961 0.859501 1.29119
0.273127 -0.893195 0.357218 -2.25436 0.929994 0.150209 -0.335484 2.97354 0.245995 0.42384 0.871692 1.29757
0.211195 -0.916849 0.338798 -2.26479 0.929981 0.0817853 -0.358393 2.96154 0.300884 0.390767 0.869925 1.29375
0.191465 -0.91132 0.364468 -2.2506 0.932891 0.0535581 -0.356155 2.96171 0.305051 0.4082 0.860416 1.29029
0.221863 -0.901231 0.372235 -2.23021 0.922653 0.0705483 -0.379122 2.94904 0.315416 0.427558 0.847176 1.27475
0.224168 -0.909876 0.349106 -2.24497 0.922693 0.0828572 -0.376527 2.95236 0.313667 0.406523 0.85811 1.28048
0.286453 -0.910084 0.299487 -2.28974 0.911894 0.163081 -0.376635 2.9381 0.293929 0.380989 0.876615 1.29097
0.329972 -0.906301 0.264079 -2.22722 0.908985 0.229575 -0.34791 2.97565 0.254685 0.354844 0.899567 1.25077
0.312867 -0.924484 0.217816 -2.20922 0.922314 0.240949 -0.302127 3.02177 0.226829 0.29542 0.928049 1.21797
0.341264 -0.898954 0.274628 -2.20387 0.920955 0.261307 -0.289068 3.00019 0.188096 0.351569 0.917071 1.22874
0.342084 -0.907404 0.244123 -2.21795 0.919724 0.270083 -0.284891 2.99421 0.192578 0.321982 0.926953 1.22676
0.364436 -0.890416 0.272664 -2.21446 0.913526 0.28502 -0.29023 2.99238 0.180711 0.354856 0.91729 1.22003
0.392129 -0.874786 0.284579 -2.20296 0.902716 0.306392 -0.302039 2.99344 0.177026 0.375332 0.909828 1.21722
0.394985 -0.872718 0.286966 -2.19557 0.893882 0.292991 -0.339311 2.97052 0.212044 0.390537 0.895834 1.21122
0.359674 -0.886899 0.289905 -2.13359 0.910599 0.26585 -0.316439 2.93307 0.203579 0.377802 0.903228 1.23643
0.328594 -0.906976 0.263476 -2.04572 0.931504 0.265148 -0.248991 2.91379 0.155969 0.327246 0.931978 1.31859
0.489235 -0.833639 0.25631 -2.00247 0.860096 0.412472 -0.300169 2.90918 0.144511 0.367305 0.918806 1.32097
0.563081 -0.776248 0.283511 -2.00003 0.800847 0.427898 -0.418984 2.90405 0.203922 0.462971 0.862597 1.26232
0.586802 -0.74861 0.308621 -1.99039 0.802584 0.487191 -0.344244 2.91024 0.107347 0.449698 0.886707 1.25947
0.455571 -0.827213 0.328899 -1.99296 0.876413 0.352009 -0.328617 2.90934 0.156061 0.43796 0.885345 1.27349
0.37392 -0.876766 0.302434 -2.03482 0.900377 0.26493 -0.345158 2.89362 0.222499 0.401366 0.888482 1.29043
0.383099 -0.877255 0.289238 -2.01051 0.901687 0.287197 -0.32323 2.86208 0.200487 0.384632 0.901035 1.30017
0.363391 -0.8872 0.284293 -1.98561 0.910797 0.274136 -0.308703 2.87239 0.195947 0.371114 0.907678 1.31435
0.342771 -0.89014 0.300264 -1.97949 0.922219 0.25796 -0.288042 2.88304 0.178941 0.375642 0.909326 1.32047
0.341348 -0.887798 0.308702 -1.96701 0.923926 0.256559 -0.283794 2.8973 0.172752 0.38209 0.907835 1.31772
0.366322 -0.886821 0.281702 -1.94454 0.914403 0.287047 -0.285432 2.87019 0.172265 0.362149 0.916064 1.3661
0.341013 -0.888191 0.307938 -1.95918 0.929309 0.269118 -0.252903 2.87205 0.141754 0.372413 0.917177 1.38117
0.319682 -0.891906 0.319856 -1.95729 0.935472 0.243417 -0.256205 2.87733 0.150652 0.38112 0.912168 1.36648
