1731660605.3301711
1731660632.0301802
1731660634.4300559
1731660634.5310354
1731660634.7308707
1731660634.8308992
1731660635.0304544
1731660635.1308718
1731660635.2309177
1731660635.6308565
1731660635.7306011
1731660635.8299208
1731660636.028194
1731660636.4300525
1731660636.6308086
1731660636.8308527
1731660637.0301175
1731660637.2308393
1731660637.4317596
1731660637.7302547
1731660637.9307487
1731660638.2307746
1731660638.5306132
1731660638.9306118
1731660639.1298947
1731660639.3307531
1731660639.5305889
1731660639.7312586
1731660639.8300054
1731660640.0281727
1731660640.3306215
1731660640.6305459
1731660640.9281256
1731660641.2314594
1731660641.4314191
1731660641.5302558
1731660641.6306326
1731660641.8285346
1731660642.131355
1731660642.5315454
1731660642.9295223
1731660643.2314274
1731660643.6305704
1731660644.531307
1731660645.0293837
1731660645.9278505
1731660646.5311317
1731660647.3311319
1731660648.3310294
1731660649.1311264
1731660649.8298192
1731660650.5309
1731660651.6298871
1731660653.1308937
1731660654.2307999
1731660654.730669
1731660656.9307001
1731660659.5305965
1731660661.8306239
1731660662.5302241
1731660663.1305697
1731660664.0307338
1731660665.2309062
1731660667.2309711
1731660668.8288028
1731660669.2307992
1731660669.7298176
1731660670.030669
1731660671.0317538
1731660672.729686
1731660675.6291268
1731660677.8313851
1731660678.6296015
1731660679.0310986
1731660679.2312193
1731660679.4311719
1731660679.6295702
1731660679.8290069
1731660680.4310067
1731660681.3298709
1731660682.6291749
1731660684.7288082
1731660687.2306478
1731660688.3305819
1731660689.62889
1731660691.9303403
